1999725088034847
2993469380016647
2947799409092981
2411942576080546
0911843009094004
1817228095057051
0265944332097358
0435567449077694
3828303165023654
1495696804021068
1337952488020702
1404877869071803
1614557072066246
1301963262047332
3731613811118400
0844815384051216
0203653467092352
0744451134020544
3459004933051869
0482571451024447
2521517055059603
2620611689079568
1825362988120300
0631086893028418
2529742287079814
1688797352072856
1452008667079145
0797483979193582
0558571996095575
2401518095061198
2835706419159880
1904867723176910
1172782839199602
2439569657094762
2758656444076818
0395118970019604
0316529841036607
0345217749051217
1202033406060289
2235319480017261
1570333976081715
2402507144193422
2153333331029403
0416681816087064
2543237418134111
0832572161169622
1369989919178591
0435797172016708
0885917132058706
1548159196058738
2870012313039744
0942579655048454
1828693656095921
1848441892022278
0305928281028909
0248071489041781
0434872437072894
0800261352155862
0415674121197471
0550033244077835
2984639725099332
0922996542030993
2124438207056835
1321448991179521
2907954853027405
2999007913097804
0782178208059335
2682397932046368
0612797537016505
1323134144175370
0110977329071568
1731623339050671
2752013418054706
2580648761097349
1525931776092638
2754887379030389
2672987867112132
0527545242010987
0289791055086503
1343965567098628
2250919985011047
1614216709177710
0132222982071228
0819113119084497
0192228680050983
0208124341187081
2839679354040728
2338665759095451
1431461144075583
2654577565060683
1424606149068132
1780026584076483
0142678761113092
2643751137066955
3547518931050383
0575097048067222
2968468450078871
2108908826090918
0379952750061878
2412587933132581
2707913816043486
0124949674057336
2398892304077936
2227473315044268
2978689143013281
2243198689055638
2351541542066735
0408283026029817
1144167714097349
2896708969076152
1512875026135672
1881082566020423
2693448571095456
2432638431093198
2466205511017428
1441032362039846
0304818869085726
0522328632038197
0629487255075337
2906264997064201
1713498937147320
2915209650136500
3156508716087721
2166523342070218
0300165632066499
0533185683184071
0245056639018962
0374447262035226
0876319917042744
0252193566180230
1627532477056475
0768236757028398
1187632448173441
1334964384079601
0940935625086922
2294175117158190
0987788142163051
1867423058084933
1514384134110580
1947531094129140
2200252844041535
3903716440077923
2248579349121662
2217054803016078
0402181583058402
2745473835144331
2911386385057426
0314616210083507
0567519074041553
0426054113062342
0668911764044012
0414341594169412
1160318293030367
0552091615179820
2896904918046401
0272544884038959
1104041332072797
1184446923021893
1308003316067131
0713925870025936
2383341478042818
0548148283114091
2357245304074114
0373871064086105
1601205071069723
2375948420127671
1196319656099106
0998023735032039
2918678577046214
0274072901192050
0855144558053144
3209516802018691
1422161776131842
1448881477126380
2507109218020466
1481011698012999
1591968257095572
2897016999054867
1651617745184582
1468175992052544
0615626105064317
0671452005124121
0126688708057208
0556667595042163
1791577644014317
2397655647068762
1649176127017593
0849854038016677
1529664054089829
2642173387096946
2256413339120480
0413162324089867
0511334411159701
1162977540088343
0482093865098331
0986215430196651
2363558678057974
2588064872119632
1620667600095332
0992474606036709
0300057297029496
3371806252150940
1598458422098769
3861615961044491
1207154296022614
0811397421052901
1438286749089734
0227629649033025
0216852728077602
3526705499099584
3618904823095527
0999818299122091
1927782220047995
0986273284054155
2113407838056002
2131665505138321
1427223028017397
0839255654037482
1280769170076974
0539716279048742
2364846264012096
1167927817043183
1469368897081236
2192916966189572
1612971884164541
0751979825137502
0869311432098172
1935091468032984
2297218340065159
1655142048072003
1771403251095994
2968209214016825
1281361470083146
0297086139087416
1962042267058009
0121524523059658
2504949935070319
1774376496095792
0863482228171580
2252718179088638
2712028649071657
0258261853043427
2484554279056123
0213852112027651
2890262783063594
1505143457081141
1232296640096726
2743911307188461
2829184091152772
2252891255091309
2868961924068479
1105868553072103
0142484015079437
3802914983018498
1613907833048594
0274862831084629
2319398029172431
1725619045066245
2704902182075749
1366297967092766
1612038015083953
1822589946118470
1287509822060637
2321271809073867
0212325233084276
2948638446068551
2352214524177572
1147015610076058
1938158041024599
1508791075015783
2481733088034319
0629132475020573
1391878416116620
2577877543077742
1930423946013263
0417047217076965
0823999951197471
2997489740049717
2285966283054442
1306908925038075
2626722916084526
0467444536010595
3416113066085185
1744228418154301
0565698116173230
2904092151088719
0151448283064657
1990917897013816
2396937853099021
1627667385132382
0886675692197712
1376276231032316
2944916122063348
2242306984030163
1923018629135661
2359679724015334
2475044456095297
2244876602060163
0552399954130090
0174387376064471
1878546419094676
1639733793160572
2330217589193132
0331646266092472
0682736531026174
1868038591074877
2585381361062318
2302299309123770
0334021699063995
0454576042095066
1541906333134512
1684503942045912
1563939250191650
2292091045081745
2880792500042363
1179345450035514
2672465448035759
0112289398049012
0856042543147252
0777399764115621
1479559948029437
2501615943018748
3884609266078664
2873715621093542
3182519108060437
2228073402098404
1341073306085364
1966108501076774
2813194907132162
1864364399192760
2769258278090157
1796726537019516
2466417624040103
0584576265042778
0623871342090549
2714573939060216
1625945698139901
0422967613058044
0593526669069796
1586552850188090
0149767534053837
0747594859027158
1969758338158182
2738506588139072
1229966574084598
2694182888070984
1570769571021712
3524205516091481
2637699982024613
2549945546029416
2283857846091509
0320111817099094
0125568697092492
0389733344055043
2541638869069131
0804051839025552
2368512206178470
3115108828155141
1264561015197250
2350594024111542
1837992468054246
1663721376053944
1940801602022429
1820378654066374
0684142588136171
0586666010041548
1424883354086481
2105051431142622
2285915241022576
0122435397169160
2476766965150610
3374016114057693
1926356036089413
0987659631093498
1345502739033752
1239112940025045
1977665989054168
0259513576068391
0547586509098892
0431426249028032
2569723378077522
3600514914052911
0129717921031832
2618232542065921
0315577348026647
2459273922058261
2322964910083262
1394014517054914
0796432165045192
0986329218079084
0349225276096257
1427547928172532
0898215217074452
1270211131042902
1913995685081762
3537614619055198
1584597489161352
0744895362133790
0703746641068722
2995086114070504
3514704424087438
1640614260192271
1620587029096798
0763059986069768
1250191194118600
1152996182058638
1871668982037904
0833985854097213
0171058624085381
1577261106123861
1422076798138551
0910473830089309
1374611824032372
2322977808051677
1923808587135170
1377508817056331
0458357616090685
0357069398032614
1175207434032118
0976244977048833
1492557661062709
2592513133010657
2101479525051744
1901664850051602
0352622407039753
1944636096044638
0292689907069142
1566767229093028
1325579137195421
2305932888187910
3970419889065431
2888586470050373
3255813864020025
2808142896052033
1563354877180902
0846146394083145
1699013344141102
1117747430050254
0270568336096214
0801556308043744
3469914204027261
1404406294073433
2462204569157041
2866649797157840
0587294504034838
1659135981056329
0200092354137831
0702326029033372
2821727407098161
3415801611189020
1765974640048703
1238432757093845
1118162437071364
2958535258017754
2184829244140061
1425242339193211
1733048255058305
2923202107020039
2622516816050332
1501912015088371
1177048478088378
1726937339032055
2165965292073646
1538931842191731
2545247203022513
2366708809052099
2630549193111492
1541596784036393
0247951692063012
1557411049013937
0688543752090706
1610144110035035
2481278908166192
3807101507098873
1937047492069326
1739056418193480
2193651840180342
1415588922012945
2841218628167072
1261168266039869
0944221342031932
2121309135047779
2355134901114301
1777912739148911
2883683745038802
2855229315037533
2576075607121431
1975982208113390
1356503976077634
2255086085019772
2190671075096448
1355334394026598
2955892910056076
0968418585128161
2445315429181961
2979321688138421
1711224414043119
3807913373045538
1140165952047116
1810607343018188
1457983804037196
2828496028049803
1708095850073765
2107336502082524
0272978748083995
2207457078183600
0815332049081269
0222899524161741
1853602069082567
0547168752116381
1159641493026995
1577045696023413
0647198735076141
0249924255056649
1815378418060948
1367848301078817
2753345314033385
2577175594023016
2593026264010222
0634912957165452
1928367023037476
2674635358189011
1809407452039798
3473505903030639
1550344514089178
2841069656030674
0764246836049539
1340035173032684
1397688397054229
2445405085018953
1501931781014906
0738089845011292
2214023981038819
2892981757027699
1650404059019176
1362417029157211
2989019860068402
2842649140024423
0808643985128522
0629093780049121
0259785824029575
2212851711039613
3636616452032685
0737791292094201
0253364731096959
1911048132117451
0912624021045622
2656198683050487
0944963529082474
0107533559010571
0884929074032364
0132447139045457
2212682998088035
0878991297020706
0952611679124922
2420727387055263
2303073496061246
2960088796174871
0752174192037166
2866613542148641
1208819535047815
0894439065084611
1612475043155010
1193828086071219
2932334414058882
2107464479072815
1935065713138291
1111901188070736
2487657966120690
1455572625068128
0299777108091654
2600526893041598
2517535164071385
1306585592086139
0878665127069998
3254217952017067
2877429212124611
0534815939060519
1724591406041501
2212871676030133
1505721355174520
1506196997064552
0321545877077945
1348205300148580
1412954545073524
0572423222069171
0860887205172350
0413487078051895
2207888385172402
1374995830052024
0856821620026649
2736019077025627
2512732894156881
0742649654089677
1902829641065096
0338124033191700
0562518414022147
0390948997019536
2969312112050853
2616351165082503
1157062066081613
2839845836081917
0608051199172161
1328412465021093
2653038630081323
1425713680183291
2400739937018676
0939328400097494
2497761443011221
2352421126071812
2896706131046054
2157311358148271
1736425157189010
1908226022031211
0463489794092219
1179166467083191
0915396335164901
1997135027078804
2431602014148881
2788516533070052
2988685242115871
0307818784093253
3598303699098909
0891614042044083
1408207962040567
0369334109094541
0544081118075049
1510872553061758
0641286277055466
2337385811150030
2319514884037907
0666385100040534
0825597197019339
0992316536174601
1391637111040997
1171558120145000
0778759768093858
0959992426073272
0824665295076569
1983796131069111
1919817130160950
0394168456192402
1425075489192912
1405491420023015
2239711719052956
1567516529087155
0448717033023907
1504536341148212
1283238644061893
0115846473037006
1613885605087446
1239446761095287
1129775661060801
0195478301137831
0144759901021535
2173154269068617
1299639226015353
2604349959061357
2562263366065756
0850064934014114
0555772519037569
1856835083021588
0604394160087543
2348961396066899
0526613273090363
2592576741175420
1849396969074742
2331605558014292
2412776078192531
2778498408092465
0790598262055228
0581545430138051
0812378097049325
2439877654129411
0132024038052118
0811581066114572
1271939586121421
2955158979193380
1770105033168230
1684327799091603
2600934134075908
1952853410169691
2855988206130321
1175533618118932
0602037220055734
2711721263057997
0822273811153341
1163486857081916
0658066354145420
2726447294086174
1109397844092691
1466868546073017
2611816217112770
1865432150025369
2409974410022445
1426638355040084
2415263512031066
3169103881055346
1441265360024759
1753881390045887
2203051757096423
0136933333095644
2821182431073635
2864309801186082
1426536436021809
1889117238038354
1858518964096683
1273414980188232
0369188831058931
0507172077125471
1399488884155000
2602464042024625
2536344512016835
0635989697021325
0581129133077305
2173245271010335
1761257455039722
0600411801050566
2133943105054962
2923451112020158
2632762909184641
0167072360066694
0883037072191991
1251426542137390
2638468421053317
1888457907012968
1829398489019539
1130342216029112
2722865113091097
0553093058026742
1869383796094058
3192007015074449
2318132442062076
0148945743089216
1265037779095108
2105059307121611
1939494662034096
0161232817089035
2483726989176730
1801988093020438
0218487645048622
1831426095049311
2611975409083674
0660487730050202
0647223527178652
0539922310034681
1441465471151932
0176869768150472
3172101187119052
0580183999015584
0368478733178981
0996217765046921
0598096853056214
2550541709039914
2484292693084647
2676649607058416
2411622277016978
1723055739165381
0171257205028619
1659649286071913
2793981877041835
0444489951048248
0561389886199782
2190091627092385
2693602549075913
1461856796162700
0594669073084006
2114574160016664
2246673792071332
0434918590024242
1667454887173191
1654816764120710
1286447617082705
1955645042028865
2828204899097541
2188524415020433
1333163165132382
2154966823018028
0574458086086143
1175538133176451
1311794902078842
0975472210058641
2614334250031802
0298719245095741
1860289445081497
1783976382043397
1933101667074456
1237087918032509
2327053243190400
2909548339190740
2281135685182062
0272915604028647
1529358867033257
0679098829059339
1567309029024873
1130101875025733
3928902075168852
0599011565158111
1803983693059677
2768176260171251
0819451798035995
1370344883097201
2198374804078144
0744626617030536
0920647937012041
1542482291041251
2789314315029418
2388155832149461
2474566672122390
2580487284166272
0466287012094017
1349782945048872
0725188124096796
0587398021132560
0773151504129191
1867131279039956
0493283375064575
0904872754051838
2786344106065531
1238683330136320
2156232193087476
1591727832193430
0403873704044951
0707135519016523
0789052068142210
1379672607073116
1489943183150130
0300126920085103
0501167858070041
2633709978037917
1836743938142330
0267648800043273
3917603121012758
3269016046066845
2538643702065996
1441313093052051
1695766475130552
2853977905149842
0608637627051303
1139646949027327
1517239665071644
0385196413068314
2130464611070905
1862323583041718
1461463592046625
0593084879170902
0625192810032799
1601768216086494
3314202378054094
2486782375016325
1924438646147771
0946314497181711
1972626684041591
2352926575119211
2894291893064257
0826949168055298
0296423438117952
0642474436031032
1849258716056328
2324574780078991
2779792065069831
1140443661020034
1219153554026031
2232947944163410
1835984545131192
2417726201137650
0724451365080331
2213929129044161
0629552524056688
0912179893034167
1762064215039686
2330325530112822
0811921980093474
1832254890027629
2851303679082628
0734487917080628
2733456963095116
0752729212010649
2632213014059151
0928155693015869
2424258845092241
0830378406022718
0861688361112181
0703882249179012
1992995141026055
0750837279081405
0430671767042038
0670529316151260
1963178010068162
1365629173169770
2190703392124092
0571193818032843
3647401776090348
1922074825042586
0524063713097388
0673557552054823
2627422186097005
0964986075019848
2749772733090711
2780032186189310
2769676289138561
2164174907195352
2614468001160110
1484857891071949
0856265305025912
2127036282041065
0194985641038067
1339408828012252
1579988690023283
1711038149077405
2495827983060035
1211689641069012
2747798841058777
1349778111188970
0865246269037962
1770302428095783
2400393556032873
1205867325072815
1731982545083979
0443969370172180
2436684760175082
1511388375032552
2819521175048517
1504207500085581
1245397294033817
1106387527032548
0494671509034385
2155563228017629
1287127964192282
2960627054180280
2507352417173241
0459421821185780
0334998709049063
1100598219015332
2495704903073606
1385839925094029
1305507617027828
2887422852084325
2753161976071453
0985225543013186
1733356399065753
0931063378072513
0318269417054033
3473706435020747
2699886048151602
1701881453175351
0804482620029108
1734096475080268
1271387558152080
1447115800195432
0765647538062633
2782256820141352
1924696184094205
1637627007136720
0616665267196992
0451529620074676
2829554804067637
0490989462146481
2368472539011186
0997167153096697
2420916262094159
0473333026042938
0932576665071422
1887083137184561
2540881576169610
3159209573022326
0666791679033712
1846603393189830
1299299597167651
0701758737074403
2175432530023677
1197114783083135
2770524472085878
2846877823156630
1676456233021746
0645627121064835
0725341196072352
1511197832062675
1818964251161812
2786564059187802
2760113484024815
2934733095090078
2767113101077118
2334148715050329
0297145923018923
1165786519051636
2717077095021711
2198097391013259
2719033717072112
1899335241010819
2967106103043563
1774408113194911
2474328234015535
2944903931025837
1453769308023569
1720717115068536
0122435811045532
1652539783130292
2761078729066037
1730496706098117
